-0.25954440
0.06951800
0.05894881
0.07129154
0.05901469
-0.17426510
-0.46848564
0.05229172
0.03324470
0.05535347
-0.17351891
-0.46450933
0.03349467
0.05241623
0.05474955
-0.25593990
0.06674647
0.05923423
0.07071804
0.05935321
-0.17515805
-0.46086833
0.05265670
0.03346863
0.05611692
-0.16965572
-0.47585834
0.03344005
0.05158162
0.05416445
-0.25252042
0.06420002
0.05955720
0.07014928
0.05971759
-0.17606036
-0.45317056
0.05303537
0.03370914
0.05688271
-0.16594303
-0.48727469
0.03338387
0.05075761
0.05357626
-0.24928074
0.06186890
0.05991531
0.06958674
0.06010544
-0.17696861
-0.44541148
0.05342627
0.03396542
0.05764942
-0.16235913
-0.49873441
0.03331894
0.04994039
0.05297754
-0.24621212
0.05973971
0.06030653
0.06902934
0.06051577
-0.17788070
-0.43759871
0.05382883
0.03423678
0.05841666
-0.15891360
-0.51023249
0.03325286
0.04912879
0.05238234
-0.24331179
0.05780425
0.06072775
0.06847824
0.06094665
-0.17879245
-0.42975535
0.05424148
0.03452212
0.05918257
-0.15560434
-0.52173990
0.03318473
0.04833036
0.05178568
-0.24057268
0.05604992
0.06117652
0.06793434
0.06139607
-0.17970163
-0.42189402
0.05466306
0.03482065
0.05994629
-0.15241368
-0.53324077
0.03310895
0.04754528
0.05118170
-0.23799131
0.05446829
0.06165033
0.06739867
0.06186182
-0.18060429
-0.41403854
0.05509196
0.03513110
0.06070588
-0.14934979
-0.54470719
0.03303495
0.04676853
0.05057959
-0.23555962
0.05304563
0.06214695
0.06687098
0.06234291
-0.18149896
-0.40619698
0.05552751
0.03545284
0.06146090
-0.14639819
-0.55612868
0.03295164
0.04599974
0.04998332
-0.23327272
0.05177236
0.06266351
0.06635292
0.06283705
-0.18238302
-0.39838681
0.05596821
0.03578484
0.06221001
-0.14355241
-0.56748356
0.03286097
0.04524692
0.04938174
-0.23112541
0.05063893
0.06319762
0.06584517
0.06334242
-0.18325385
-0.39062646
0.05641274
0.03612595
0.06295179
-0.14082390
-0.57875202
0.03277414
0.04450709
0.04878578
0.23555962
0.05304563
0.06214695
0.06687098
0.06234291
-0.18149896
-0.40619698
0.05552751
0.03545284
0.06146090
-0.14639819
-0.55612868
0.03295164
0.04599974
0.04998332
-0.23327272
0.05177236
0.06266351
0.06635292
0.06283705
-0.18238302
-0.39838681
0.05596821
0.03578484
0.06221001
-0.14355241
-0.56748356
0.03286097
0.04524692
0.04938174
-0.23112541
0.05063893
0.06319762
0.06584517
0.06334242
-0.18325385
-0.39062646
0.05641274
0.03612595
0.06295179
-0.14082390
-0.57875202
0.03277414
0.04450709
0.04878578
0.23555962
0.05304563
0.06214695
0.06687098
0.06234291
-0.18149896
-0.40619698
0.05552751
0.03545284
0.06146090
-0.14639819
-0.55612868
0.03295164
0.04599974
0.04998332
-0.23327272
0.05177236
0.06266351
0.06635292
0.06283705
-0.18238302
-0.39838681
0.05596821
0.03578484
0.06221001
-0.14355241
-0.56748356
0.03286097
0.04524692
0.04938174
-0.23112541
0.05063893
0.06319762
0.06584517
0.06334242
-0.18325385
-0.39062646
0.05641274
0.03612595
0.06295179
-0.14082390
-0.57875202
0.03277414
0.04450709
0.04878578
0.23555962
0.05304563
0.06214695
0.06687098
0.06234291
-0.18149896
-0.40619698
0.05552751
0.03545284
0.06146090
-0.14639819
-0.55612868
0.03295164
0.04599974
0.04998332
-0.23327272
0.05177236
0.06266351
0.06635292
0.06283705
-0.18238302
-0.39838681
0.05596821
0.03578484
0.06221001
-0.14355241
-0.56748356
0.03286097
0.04524692
0.04938174
-0.23112541
0.05063893
0.06319762
0.06584517
0.06334242
-0.18325385
-0.39062646
0.05641274
0.03612595
0.06295179
-0.14082390
-0.57875202
0.03277414
0.04450709
0.04878578
0.23555962
0.05304563
0.06214695
0.06687098
0.06234291
-0.18149896
-0.40619698
0.05552751
0.03545284
0.06146090
-0.14639819
-0.55612868
0.03295164
0.04599974
0.04998332
-0.23327272
0.05177236
0.06266351
0.06635292
0.06283705
-0.18238302
-0.39838681
0.05596821
0.03578484
0.06221001
-0.14355241
-0.56748356
0.03286097
0.04524692
0.04938174
-0.23112541
0.05063893
0.06319762
0.06584517
0.06334242
-0.18325385
-0.39062646
0.05641274
0.03612595
0.06295179
-0.14082390
-0.57875202
0.03277414
0.04450709
0.04878578
0.23555962
0.05304563
0.06214695
0.06687098
0.06234291
-0.18149896
-0.40619698
0.05552751
0.03545284
0.06146090
-0.14639819
-0.55612868
0.03295164
0.04599974
0.04998332
-0.23327272
0.05177236
0.06266351
0.06635292
0.06283705
-0.18238302
-0.39838681
0.05596821
0.03578484
0.06221001
-0.14355241
-0.56748356
0.03286097
0.04524692
0.04938174
-0.23112541
0.05063893
0.06319762
0.06584517
0.06334242
-0.18325385
-0.39062646
0.05641274
0.03612595
0.06295179
-0.14082390
-0.57875202
0.03277414
0.04450709
0.04878578
0.23555962
0.05304563
0.06214695
0.06687098
0.06234291
-0.18149896
-0.40619698
0.05552751
0.03545284
0.06146090
-0.14639819
-0.55612868
0.03295164
0.04599974
0.04998332
-0.23327272
0.05177236
0.06266351
0.06635292
0.06283705
-0.18238302
-0.39838681
0.05596821
0.03578484
0.06221001
-0.14355241
-0.56748356
0.03286097
0.04524692
0.04938174
-0.23112541
0.05063893
0.06319762
0.06584517
0.06334242
-0.18325385
-0.39062646
0.05641274
0.03612595
0.06295179
-0.14082390
-0.57875202
0.03277414
0.04450709
0.04878578
0.23555962
0.05304563
0.06214695
0.06687098
0.06234291
-0.18149896
-0.40619698
0.05552751
0.03545284
0.06146090
-0.14639819
-0.55612868
0.03295164
0.04599974
0.04998332
